-0.0010763786
0.0086229965
0.0003023673
0.0054037678
-0.0003807287
-0.0093018329
-0.0024007633
0.0090042707
0.0079875300
-0.0023796742
0.0019093958
-0.0021506338
0.0009216228
0.0025315555
0.0007599250
-0.0042869425
-0.0056831334
0.0128798224
-0.0002661207
-0.0010015736
-0.0086160479
-0.0094915824
0.0008373400
0.0066728871
-0.0000388055
-0.0015735665
0.0143154636
-0.0024544431
0.0032567682
0.0036895017
0.0054740459
0.0052038007
0.0140800076
0.0081909504
0.0130973933
0.0162384808
0.0025935574
0.0167493895
-0.0052008424
0.0088976501
-0.0052866382
0.0011479000
0.0018833658
0.0150482561
0.0073866337
-0.0030264049
0.0010504457
0.0069260364
0.0002206687
0.0141479122
0.0000314033
0.0026925735
0.0116527518
0.0066554300
0.0009378851
-0.0011735018
0.0075259283
-0.0035495923
-0.0002422927
0.0108462796
0.0020726477
0.0195658691
-0.0053658537
-0.0042883996
